<?xml version="1.0"?>
<opencv_storage>
<intrinsic type_id="opencv-matrix">
  <rows>3</rows>
  <cols>3</cols>
  <dt>d</dt>
  <data>
    1.4834468661414228e+03 0. 9.8721228604296516e+02 0.
    1.4513001743422640e+03 5.6497243033828192e+02 0. 0. 1.</data></intrinsic>
<distortion type_id="opencv-matrix">
  <rows>1</rows>
  <cols>5</cols>
  <dt>d</dt>
  <data>
    1.5213449454420250e-01 -1.4558757056545522e+00
    -3.5391051441729959e-03 1.5141973296878674e-02
    3.1790602971321524e-02</data></distortion>
</opencv_storage>
