<?xml version="1.0"?>
<opencv_storage>
<intrinsic type_id="opencv-matrix">
  <rows>3</rows>
  <cols>3</cols>
  <dt>d</dt>
  <data>
    9.1797176572687272e+02 0. 4.8331857063765437e+02 0.
    9.2656334899079457e+02 3.6586817771089642e+02 0. 0. 1.</data></intrinsic>
<distortion type_id="opencv-matrix">
  <rows>1</rows>
  <cols>5</cols>
  <dt>d</dt>
  <data>
    7.4823401340945672e-02 -1.1170887086379160e+00
    -5.4782150318125511e-04 3.2280094397581132e-03
    3.7731264729963709e+00</data></distortion>
</opencv_storage>
